NAME: 2eVRP_100-10-2b
COMMENT: 
TYPE: 2ECVRP
DIMENSION: 111
SATELLITES: 10
CUSTOMERS: 100
EDGE_WEIGHT_TYPE: EUC_2D
FLEET_SECTION
L1CAPACITY: 512
L2CAPACITY: 150
L1FLEET: 5
L2FLEET: 18
NODE_COORD_SECTION
0 67 67
1 21 13
2 12 24
3 12 25
4 25 25
5 24 7
6 25 12
7 3 21
8 12 1
9 9 6
10 16 8
11 24 9
12 14 8
13 5 21
14 19 17
15 25 8
16 11 15
17 20 5
18 19 13
19 25 10
20 3 23
21 2 8
22 1 3
23 19 6
24 3 14
25 24 21
26 1 24
27 15 6
28 20 27
29 26 2
30 9 16
31 23 16
32 6 20
33 20 2
34 4 19
35 22 8
36 3 12
37 25 8
38 12 26
39 4 17
40 21 16
41 22 11
42 21 24
43 7 5
44 3 8
45 22 4
46 24 14
47 4 24
48 25 14
49 1 28
50 12 9
51 43 48
52 34 24
53 27 25
54 48 26
55 25 32
56 34 48
57 27 33
58 45 24
59 45 26
60 28 44
61 38 42
62 42 26
63 25 41
64 28 33
65 36 33
66 38 28
67 39 45
68 42 31
69 43 28
70 29 43
71 29 26
72 29 42
73 38 34
74 46 28
75 30 24
76 50 30
77 44 26
78 45 49
79 49 43
80 50 27
81 43 33
82 29 49
83 40 37
84 36 31
85 46 45
86 49 46
87 45 41
88 28 36
89 43 50
90 45 48
91 48 27
92 33 24
93 48 33
94 39 38
95 45 49
96 27 26
97 33 44
98 33 29
99 32 46
100 40 35
SATELLITE_SECTION
1 2 45
2 27 37
3 38 16
4 41 10
5 41 40
6 16 11
7 17 12
8 45 45
9 21 32
10 21 47
DEMAND_SECTION
0 0
1 16
2 18
3 15
4 19
5 14
6 18
7 13
8 11
9 13
10 13
11 16
12 13
13 18
14 19
15 16
16 20
17 20
18 15
19 15
20 17
21 17
22 18
23 17
24 15
25 11
26 13
27 15
28 11
29 18
30 13
31 17
32 20
33 11
34 12
35 19
36 16
37 18
38 16
39 17
40 16
41 12
42 14
43 18
44 20
45 16
46 16
47 15
48 12
49 19
50 11
51 11
52 12
53 15
54 14
55 13
56 12
57 12
58 12
59 12
60 13
61 19
62 14
63 15
64 15
65 14
66 16
67 13
68 11
69 19
70 20
71 19
72 19
73 18
74 11
75 18
76 13
77 19
78 16
79 19
80 11
81 11
82 15
83 15
84 16
85 17
86 11
87 13
88 17
89 20
90 17
91 18
92 20
93 20
94 18
95 13
96 20
97 14
98 11
99 12
100 11
DEPOT_SECTION
0
-1
EOF
