NAME: 2eVRP_100-5-3
COMMENT: 
TYPE: 2ECVRP
DIMENSION: 106
SATELLITES: 5
CUSTOMERS: 100
EDGE_WEIGHT_TYPE: EUC_2D
FLEET_SECTION
L1CAPACITY: 521
L2CAPACITY: 70
L1FLEET: 5
L2FLEET: 30
NODE_COORD_SECTION
0 67 66
1 10 4
2 1 3
3 4 18
4 17 9
5 3 10
6 21 20
7 17 20
8 3 21
9 25 1
10 15 8
11 2 20
12 19 8
13 17 6
14 3 2
15 12 6
16 9 2
17 7 9
18 2 18
19 1 9
20 12 18
21 6 12
22 19 8
23 4 12
24 9 7
25 20 19
26 9 7
27 12 15
28 25 13
29 25 20
30 20 8
31 15 43
32 16 45
33 8 35
34 14 45
35 7 46
36 25 35
37 5 45
38 17 30
39 2 45
40 21 44
41 14 44
42 19 38
43 6 44
44 14 43
45 21 34
46 4 42
47 12 38
48 2 40
49 17 46
50 11 32
51 25 40
52 15 44
53 4 45
54 18 46
55 10 48
56 20 46
57 23 49
58 9 32
59 8 36
60 17 47
61 36 33
62 36 12
63 34 13
64 31 31
65 35 11
66 49 25
67 49 29
68 38 36
69 34 14
70 34 26
71 42 32
72 31 34
73 36 12
74 27 12
75 30 18
76 38 16
77 50 12
78 32 18
79 50 27
80 40 22
81 39 36
82 40 27
83 37 27
84 42 11
85 26 22
86 33 19
87 49 22
88 49 28
89 44 23
90 27 37
91 49 29
92 47 21
93 45 28
94 38 35
95 43 17
96 33 20
97 34 12
98 31 13
99 33 15
100 46 16
SATELLITE_SECTION
1 13 11
2 37 19
3 1 24
4 20 2
5 19 39
DEMAND_SECTION
0 0
1 15
2 16
3 17
4 16
5 14
6 18
7 16
8 12
9 20
10 15
11 17
12 12
13 18
14 14
15 16
16 13
17 19
18 13
19 18
20 20
21 15
22 20
23 11
24 19
25 17
26 16
27 11
28 20
29 12
30 15
31 20
32 12
33 19
34 14
35 13
36 15
37 20
38 11
39 11
40 20
41 12
42 16
43 11
44 13
45 18
46 11
47 16
48 11
49 16
50 14
51 19
52 16
53 16
54 11
55 17
56 20
57 17
58 12
59 19
60 19
61 13
62 15
63 19
64 18
65 11
66 15
67 12
68 13
69 14
70 18
71 17
72 19
73 18
74 16
75 12
76 18
77 19
78 16
79 18
80 11
81 11
82 11
83 12
84 15
85 19
86 14
87 11
88 20
89 14
90 18
91 16
92 16
93 14
94 16
95 17
96 19
97 17
98 20
99 19
100 17
DEPOT_SECTION
0
-1
EOF
