NAME: 2eVRP_200-10-1b
COMMENT: 
TYPE: 2ECVRP
DIMENSION: 211
SATELLITES: 10
CUSTOMERS: 200
EDGE_WEIGHT_TYPE: EUC_2D
FLEET_SECTION
L1CAPACITY: 1033
L2CAPACITY: 150
L1FLEET: 5
L2FLEET: 30
NODE_COORD_SECTION
0 67 67
1 18 4
2 49 45
3 14 4
4 25 17
5 10 1
6 10 28
7 50 12
8 46 49
9 42 16
10 39 50
11 11 23
12 50 12
13 32 12
14 43 50
15 10 8
16 49 37
17 23 8
18 18 28
19 35 42
20 6 39
21 5 12
22 50 48
23 39 36
24 22 3
25 20 14
26 41 47
27 8 36
28 3 23
29 44 24
30 26 4
31 9 20
32 18 41
33 5 34
34 12 13
35 25 3
36 28 3
37 28 22
38 2 10
39 18 1
40 50 17
41 16 17
42 48 8
43 17 47
44 4 12
45 7 21
46 43 43
47 50 16
48 40 11
49 16 37
50 30 16
51 49 7
52 46 6
53 8 3
54 8 2
55 32 28
56 35 39
57 48 31
58 8 6
59 32 39
60 18 45
61 41 2
62 7 36
63 36 6
64 5 40
65 42 23
66 15 16
67 27 49
68 38 28
69 7 32
70 4 26
71 39 11
72 4 5
73 20 13
74 12 29
75 3 21
76 33 23
77 1 19
78 28 17
79 26 22
80 23 9
81 2 50
82 7 8
83 42 1
84 49 44
85 22 35
86 23 49
87 1 22
88 50 41
89 15 21
90 48 27
91 42 27
92 4 38
93 24 24
94 10 36
95 37 26
96 24 38
97 46 27
98 40 50
99 30 11
100 46 14
101 29 40
102 42 1
103 39 12
104 41 13
105 50 16
106 47 15
107 13 19
108 9 22
109 28 21
110 5 5
111 45 5
112 10 38
113 8 14
114 46 14
115 37 4
116 18 39
117 39 27
118 33 27
119 34 5
120 12 24
121 27 8
122 38 24
123 42 36
124 46 45
125 16 16
126 6 50
127 32 22
128 2 6
129 5 25
130 49 37
131 18 33
132 21 9
133 48 29
134 14 35
135 20 3
136 19 18
137 28 12
138 43 45
139 11 43
140 32 16
141 22 17
142 6 11
143 39 17
144 42 30
145 36 22
146 20 19
147 33 25
148 34 2
149 29 27
150 49 48
151 44 35
152 41 26
153 20 41
154 31 37
155 11 31
156 6 33
157 16 31
158 39 44
159 14 9
160 40 37
161 34 22
162 26 23
163 2 35
164 5 36
165 45 7
166 47 3
167 7 6
168 22 20
169 50 13
170 15 21
171 40 18
172 25 33
173 48 20
174 36 17
175 15 39
176 31 43
177 14 41
178 26 30
179 2 44
180 2 19
181 35 5
182 11 50
183 20 47
184 32 11
185 2 44
186 6 33
187 4 48
188 19 43
189 50 46
190 26 14
191 4 28
192 16 3
193 24 49
194 29 31
195 17 11
196 14 44
197 25 8
198 40 4
199 1 18
200 7 47
SATELLITE_SECTION
1 9 36
2 39 46
3 46 20
4 42 8
5 41 3
6 47 6
7 33 37
8 25 24
9 10 2
10 12 46
DEMAND_SECTION
0 0
1 16
2 16
3 11
4 15
5 14
6 12
7 19
8 13
9 18
10 17
11 19
12 14
13 11
14 20
15 15
16 12
17 16
18 19
19 15
20 11
21 12
22 14
23 12
24 14
25 13
26 10
27 20
28 11
29 20
30 19
31 14
32 13
33 13
34 16
35 20
36 20
37 17
38 20
39 18
40 13
41 19
42 11
43 15
44 16
45 19
46 12
47 14
48 18
49 14
50 13
51 16
52 13
53 12
54 20
55 18
56 20
57 16
58 20
59 17
60 20
61 18
62 16
63 13
64 17
65 18
66 16
67 14
68 20
69 14
70 18
71 12
72 12
73 20
74 17
75 15
76 16
77 18
78 16
79 18
80 11
81 19
82 14
83 20
84 17
85 12
86 12
87 19
88 16
89 18
90 12
91 20
92 16
93 16
94 15
95 18
96 12
97 13
98 15
99 12
100 11
101 13
102 19
103 15
104 18
105 16
106 14
107 12
108 17
109 11
110 14
111 17
112 18
113 17
114 16
115 18
116 17
117 16
118 11
119 14
120 17
121 16
122 16
123 11
124 16
125 17
126 19
127 20
128 20
129 20
130 14
131 17
132 14
133 14
134 12
135 20
136 14
137 16
138 15
139 20
140 17
141 18
142 14
143 20
144 18
145 13
146 17
147 11
148 11
149 13
150 16
151 19
152 18
153 16
154 18
155 18
156 19
157 14
158 11
159 14
160 17
161 16
162 16
163 18
164 14
165 12
166 16
167 17
168 17
169 15
170 14
171 16
172 20
173 20
174 12
175 11
176 11
177 12
178 16
179 12
180 12
181 12
182 13
183 16
184 14
185 13
186 14
187 14
188 12
189 19
190 20
191 13
192 16
193 12
194 17
195 12
196 13
197 16
198 17
199 11
200 13
DEPOT_SECTION
0
-1
EOF
