NAME: 2eVRP_200-10-2
COMMENT: 
TYPE: 2ECVRP
DIMENSION: 211
SATELLITES: 10
CUSTOMERS: 200
EDGE_WEIGHT_TYPE: EUC_2D
FLEET_SECTION
L1CAPACITY: 1034
L2CAPACITY: 70
L1FLEET: 5
L2FLEET: 63
NODE_COORD_SECTION
0 67 67
1 4 24
2 17 17
3 22 22
4 19 10
5 17 28
6 24 20
7 11 15
8 7 19
9 9 19
10 24 6
11 1 17
12 20 8
13 7 10
14 15 8
15 7 19
16 9 9
17 12 24
18 8 24
19 22 13
20 7 8
21 19 15
22 22 4
23 15 28
24 18 13
25 19 21
26 2 15
27 23 8
28 8 9
29 23 11
30 11 16
31 24 20
32 10 27
33 16 16
34 20 28
35 5 27
36 18 22
37 17 11
38 1 1
39 4 23
40 23 7
41 16 27
42 13 18
43 2 3
44 10 25
45 6 9
46 11 26
47 19 24
48 8 2
49 13 21
50 22 25
51 14 15
52 13 12
53 2 27
54 12 28
55 18 11
56 14 27
57 15 16
58 9 1
59 8 28
60 9 12
61 6 18
62 10 3
63 22 23
64 5 26
65 15 9
66 6 19
67 21 25
68 18 16
69 7 22
70 23 23
71 25 22
72 24 5
73 24 28
74 22 14
75 13 16
76 21 4
77 12 22
78 3 1
79 17 26
80 11 16
81 24 4
82 14 22
83 23 9
84 16 9
85 1 10
86 26 18
87 21 14
88 16 10
89 17 17
90 1 2
91 18 23
92 22 2
93 4 10
94 6 28
95 15 28
96 21 22
97 8 3
98 8 24
99 25 20
100 2 16
101 26 29
102 36 45
103 34 41
104 41 43
105 32 46
106 47 27
107 29 33
108 49 49
109 30 46
110 33 38
111 31 32
112 38 29
113 30 27
114 47 49
115 33 33
116 31 49
117 38 49
118 44 26
119 46 46
120 35 30
121 29 27
122 30 31
123 31 31
124 26 34
125 30 47
126 48 36
127 37 46
128 30 30
129 44 31
130 42 32
131 37 28
132 45 50
133 32 27
134 34 34
135 38 29
136 44 44
137 30 24
138 48 35
139 37 30
140 36 44
141 33 26
142 32 47
143 31 48
144 49 25
145 41 36
146 47 37
147 49 38
148 41 47
149 48 36
150 39 49
151 25 36
152 48 44
153 50 50
154 41 44
155 40 36
156 45 27
157 36 26
158 46 28
159 40 38
160 27 38
161 31 44
162 41 31
163 39 36
164 30 40
165 40 38
166 42 32
167 50 43
168 37 40
169 42 39
170 48 43
171 35 40
172 31 35
173 27 40
174 43 50
175 46 27
176 39 37
177 43 30
178 25 46
179 30 33
180 34 25
181 29 27
182 44 31
183 32 45
184 39 36
185 30 34
186 32 27
187 47 49
188 33 33
189 36 33
190 50 31
191 33 42
192 39 34
193 42 24
194 50 38
195 25 30
196 33 45
197 29 48
198 49 48
199 47 49
200 39 28
SATELLITE_SECTION
1 9 18
2 7 39
3 22 18
4 30 22
5 43 28
6 46 6
7 3 39
8 46 36
9 38 26
10 34 33
DEMAND_SECTION
0 0
1 18
2 13
3 17
4 18
5 18
6 15
7 16
8 12
9 14
10 11
11 12
12 17
13 17
14 12
15 18
16 17
17 12
18 16
19 19
20 20
21 14
22 15
23 17
24 13
25 20
26 16
27 18
28 19
29 15
30 18
31 12
32 16
33 18
34 16
35 17
36 15
37 12
38 20
39 14
40 20
41 19
42 13
43 12
44 18
45 15
46 13
47 17
48 12
49 13
50 20
51 17
52 12
53 12
54 17
55 17
56 16
57 17
58 15
59 20
60 15
61 16
62 15
63 13
64 16
65 11
66 18
67 11
68 14
69 13
70 16
71 18
72 15
73 14
74 15
75 14
76 11
77 12
78 11
79 15
80 14
81 20
82 20
83 17
84 14
85 18
86 13
87 16
88 18
89 16
90 16
91 14
92 17
93 15
94 15
95 13
96 20
97 12
98 11
99 11
100 15
101 20
102 20
103 12
104 19
105 12
106 13
107 16
108 17
109 16
110 12
111 13
112 19
113 11
114 19
115 16
116 11
117 11
118 11
119 17
120 15
121 17
122 11
123 19
124 12
125 17
126 12
127 18
128 16
129 19
130 18
131 17
132 16
133 15
134 17
135 16
136 17
137 20
138 13
139 18
140 14
141 20
142 13
143 19
144 19
145 12
146 20
147 20
148 11
149 17
150 11
151 17
152 17
153 20
154 14
155 13
156 15
157 12
158 11
159 18
160 15
161 16
162 15
163 14
164 19
165 16
166 17
167 15
168 19
169 11
170 18
171 18
172 13
173 20
174 15
175 17
176 20
177 17
178 13
179 20
180 20
181 15
182 17
183 11
184 11
185 12
186 13
187 19
188 15
189 13
190 14
191 11
192 14
193 19
194 12
195 17
196 20
197 13
198 12
199 14
200 20
DEPOT_SECTION
0
-1
EOF
