NAME: 2eVRP_200-10-3b
COMMENT: 
TYPE: 2ECVRP
DIMENSION: 211
SATELLITES: 10
CUSTOMERS: 200
EDGE_WEIGHT_TYPE: EUC_2D
FLEET_SECTION
L1CAPACITY: 1026
L2CAPACITY: 150
L1FLEET: 5
L2FLEET: 30
NODE_COORD_SECTION
0 67 67
1 7 11
2 18 14
3 24 15
4 5 5
5 4 11
6 2 18
7 11 8
8 12 3
9 21 19
10 14 9
11 25 17
12 25 16
13 11 19
14 12 4
15 21 16
16 12 2
17 23 17
18 20 18
19 18 20
20 20 7
21 8 6
22 5 8
23 9 18
24 20 2
25 12 3
26 22 17
27 12 8
28 3 16
29 12 6
30 24 1
31 16 18
32 4 12
33 13 15
34 16 13
35 9 2
36 2 7
37 17 11
38 16 16
39 6 11
40 7 14
41 1 5
42 17 12
43 8 11
44 12 4
45 19 3
46 7 6
47 13 18
48 7 17
49 8 17
50 8 14
51 7 5
52 21 2
53 21 14
54 7 10
55 25 18
56 14 5
57 21 13
58 22 5
59 6 8
60 19 2
61 11 5
62 14 16
63 7 18
64 25 16
65 15 9
66 14 38
67 12 41
68 20 47
69 14 43
70 13 46
71 6 38
72 4 35
73 6 35
74 20 30
75 14 34
76 18 45
77 22 45
78 9 31
79 6 48
80 8 42
81 23 34
82 8 50
83 15 37
84 13 30
85 20 31
86 2 43
87 3 48
88 14 47
89 21 45
90 5 31
91 7 34
92 20 46
93 15 40
94 17 42
95 11 32
96 2 30
97 23 40
98 1 39
99 1 47
100 14 37
101 14 48
102 3 47
103 14 48
104 3 50
105 9 50
106 4 35
107 3 43
108 14 31
109 5 45
110 20 42
111 16 44
112 4 44
113 11 31
114 14 40
115 19 35
116 7 46
117 3 44
118 5 30
119 1 50
120 2 33
121 19 43
122 6 34
123 8 47
124 7 44
125 12 36
126 12 49
127 5 45
128 7 46
129 10 36
130 3 43
131 35 39
132 26 31
133 47 28
134 32 24
135 45 40
136 42 16
137 50 36
138 34 22
139 48 13
140 32 16
141 37 29
142 49 24
143 27 26
144 50 30
145 49 11
146 34 18
147 32 18
148 26 28
149 33 16
150 43 21
151 42 26
152 47 40
153 34 15
154 48 38
155 38 32
156 44 15
157 31 25
158 44 29
159 49 17
160 48 39
161 34 29
162 33 23
163 34 27
164 36 21
165 29 30
166 33 27
167 28 23
168 45 38
169 29 32
170 40 36
171 35 16
172 44 30
173 27 22
174 47 33
175 30 15
176 36 29
177 28 13
178 37 40
179 31 17
180 32 13
181 32 31
182 32 35
183 33 23
184 30 27
185 49 20
186 40 38
187 38 36
188 33 38
189 35 18
190 43 39
191 44 29
192 48 36
193 44 35
194 42 29
195 30 32
196 36 17
197 41 24
198 28 28
199 27 21
200 50 32
SATELLITE_SECTION
1 14 28
2 29 35
3 1 28
4 12 30
5 43 34
6 14 26
7 30 43
8 7 32
9 4 28
10 6 34
DEMAND_SECTION
0 0
1 11
2 11
3 13
4 20
5 16
6 12
7 11
8 19
9 12
10 18
11 12
12 15
13 19
14 15
15 15
16 18
17 19
18 12
19 19
20 11
21 18
22 16
23 13
24 20
25 13
26 15
27 16
28 18
29 16
30 14
31 11
32 14
33 11
34 18
35 11
36 15
37 17
38 14
39 20
40 17
41 17
42 18
43 17
44 11
45 13
46 18
47 11
48 19
49 20
50 16
51 19
52 15
53 13
54 16
55 16
56 20
57 13
58 15
59 16
60 20
61 17
62 14
63 11
64 13
65 14
66 15
67 11
68 16
69 11
70 15
71 15
72 14
73 13
74 14
75 11
76 20
77 13
78 14
79 19
80 16
81 12
82 16
83 17
84 14
85 20
86 14
87 16
88 12
89 13
90 15
91 13
92 14
93 14
94 12
95 18
96 12
97 20
98 15
99 19
100 18
101 20
102 19
103 19
104 15
105 15
106 16
107 12
108 17
109 16
110 19
111 16
112 13
113 18
114 19
115 20
116 19
117 12
118 19
119 14
120 18
121 15
122 12
123 17
124 15
125 13
126 13
127 16
128 18
129 14
130 17
131 18
132 15
133 11
134 11
135 16
136 13
137 11
138 19
139 16
140 19
141 15
142 11
143 20
144 19
145 13
146 19
147 17
148 19
149 13
150 16
151 16
152 17
153 15
154 11
155 18
156 11
157 16
158 18
159 17
160 13
161 13
162 18
163 17
164 12
165 13
166 12
167 19
168 12
169 15
170 16
171 15
172 12
173 15
174 11
175 20
176 17
177 19
178 16
179 16
180 13
181 17
182 18
183 18
184 14
185 14
186 13
187 11
188 17
189 18
190 18
191 18
192 13
193 20
194 16
195 12
196 14
197 12
198 13
199 18
200 15
DEPOT_SECTION
0
-1
EOF
