NAME: 2eVRP_100-10-3b
COMMENT: 
TYPE: 2ECVRP
DIMENSION: 111
SATELLITES: 10
CUSTOMERS: 100
EDGE_WEIGHT_TYPE: EUC_2D
FLEET_SECTION
L1CAPACITY: 514
L2CAPACITY: 150
L1FLEET: 5
L2FLEET: 17
NODE_COORD_SECTION
0 67 66
1 9 5
2 3 17
3 17 14
4 12 21
5 14 4
6 4 10
7 12 11
8 7 14
9 12 19
10 2 11
11 15 20
12 8 13
13 9 15
14 4 12
15 5 21
16 19 3
17 14 10
18 12 4
19 11 11
20 2 12
21 9 15
22 24 10
23 13 21
24 16 16
25 16 1
26 14 10
27 6 17
28 14 10
29 21 13
30 16 4
31 2 38
32 11 47
33 1 44
34 10 36
35 12 47
36 17 36
37 3 40
38 12 38
39 20 33
40 6 32
41 1 47
42 15 42
43 23 36
44 7 40
45 8 34
46 13 38
47 12 42
48 7 44
49 13 30
50 21 44
51 20 47
52 18 30
53 24 40
54 5 37
55 10 36
56 16 36
57 12 37
58 10 49
59 23 49
60 11 38
61 36 11
62 47 22
63 28 25
64 44 24
65 44 24
66 50 34
67 48 16
68 39 11
69 49 29
70 43 29
71 46 40
72 30 25
73 41 28
74 32 31
75 27 24
76 42 18
77 46 19
78 26 24
79 32 23
80 28 30
81 37 37
82 36 22
83 48 38
84 31 22
85 33 27
86 26 27
87 29 19
88 26 23
89 34 21
90 47 12
91 43 17
92 36 39
93 29 18
94 39 12
95 46 14
96 34 24
97 40 14
98 47 21
99 33 27
100 41 33
SATELLITE_SECTION
1 13 47
2 14 2
3 43 14
4 23 46
5 17 33
6 23 8
7 13 4
8 19 27
9 24 40
10 27 15
DEMAND_SECTION
0 0
1 12
2 16
3 17
4 19
5 20
6 11
7 11
8 11
9 13
10 19
11 12
12 18
13 14
14 16
15 19
16 20
17 15
18 18
19 14
20 19
21 14
22 16
23 19
24 16
25 13
26 18
27 15
28 19
29 11
30 13
31 18
32 16
33 13
34 19
35 14
36 15
37 14
38 17
39 15
40 17
41 15
42 16
43 11
44 19
45 17
46 16
47 12
48 20
49 15
50 18
51 16
52 13
53 18
54 17
55 16
56 17
57 15
58 16
59 12
60 13
61 15
62 12
63 13
64 13
65 18
66 17
67 17
68 15
69 15
70 16
71 20
72 12
73 15
74 13
75 12
76 14
77 17
78 16
79 14
80 17
81 15
82 18
83 13
84 13
85 13
86 18
87 16
88 18
89 12
90 13
91 15
92 14
93 16
94 16
95 18
96 11
97 14
98 19
99 11
100 18
DEPOT_SECTION
0
-1
EOF
