NAME: 2eVRP_100-5-1
COMMENT: 
TYPE: 2ECVRP
DIMENSION: 106
SATELLITES: 5
CUSTOMERS: 100
EDGE_WEIGHT_TYPE: EUC_2D
FLEET_SECTION
L1CAPACITY: 528
L2CAPACITY: 70
L1FLEET: 5
L2FLEET: 32
NODE_COORD_SECTION
0 67 67
1 31 6
2 36 20
3 9 19
4 47 42
5 28 20
6 38 43
7 41 4
8 36 30
9 4 10
10 43 16
11 33 45
12 39 30
13 6 40
14 50 20
15 48 14
16 34 34
17 49 3
18 26 14
19 28 44
20 21 38
21 34 11
22 41 32
23 44 46
24 27 48
25 2 36
26 34 32
27 50 27
28 36 26
29 16 17
30 8 10
31 45 28
32 49 11
33 28 10
34 9 10
35 39 50
36 33 31
37 20 8
38 39 48
39 29 3
40 43 32
41 34 9
42 42 40
43 25 49
44 27 4
45 29 37
46 28 32
47 42 8
48 18 22
49 20 33
50 28 48
51 35 19
52 49 36
53 49 35
54 25 25
55 6 5
56 6 24
57 38 28
58 24 27
59 49 48
60 7 44
61 18 44
62 45 46
63 23 15
64 17 47
65 47 18
66 5 18
67 5 47
68 41 47
69 5 2
70 24 49
71 32 46
72 48 43
73 20 35
74 20 38
75 9 29
76 29 2
77 26 20
78 26 11
79 16 26
80 34 43
81 1 2
82 48 14
83 34 44
84 41 32
85 41 13
86 46 7
87 7 34
88 8 34
89 9 11
90 3 15
91 35 9
92 1 11
93 17 34
94 20 42
95 46 30
96 9 43
97 45 8
98 45 31
99 50 37
100 38 39
SATELLITE_SECTION
1 1 13
2 46 4
3 2 3
4 13 19
5 3 37
DEMAND_SECTION
0 0
1 18
2 17
3 14
4 11
5 15
6 16
7 11
8 12
9 14
10 19
11 17
12 16
13 20
14 13
15 11
16 17
17 17
18 19
19 12
20 13
21 20
22 14
23 13
24 16
25 13
26 16
27 18
28 14
29 13
30 11
31 16
32 19
33 20
34 16
35 19
36 14
37 16
38 18
39 11
40 19
41 12
42 16
43 20
44 12
45 12
46 13
47 12
48 18
49 20
50 20
51 15
52 12
53 16
54 15
55 12
56 18
57 15
58 13
59 17
60 15
61 20
62 14
63 15
64 17
65 13
66 12
67 17
68 19
69 16
70 20
71 11
72 13
73 17
74 19
75 15
76 18
77 12
78 16
79 16
80 16
81 13
82 19
83 20
84 20
85 18
86 20
87 14
88 20
89 18
90 13
91 20
92 15
93 15
94 15
95 14
96 17
97 20
98 18
99 19
100 18
DEPOT_SECTION
0
-1
EOF
