NAME: Instance50-s2-08
COMMENT: (Instance 2 satellites-random, 50 customers-centroids)
TYPE: 2ECVRP
DIMENSION: 53
SATELLITES: 2
CUSTOMERS: 50
EDGE_WEIGHT_TYPE: EUC_2D
FLEET_SECTION
L1CAPACITY: 12500
L2CAPACITY: 5000
L1FLEET: 3
L2FLEET: 6
NODE_WEIGHT_SECTION
NODE_COORD_SECTION:
0 46 174 
1 58 49 
2 53.56 52.51 
3 59.75 39.17 
4 58.98 43.2 
5 51.44 43.7 
6 68 65 
7 72.25 59.23 
8 69.19 59.89 
9 67.63 74.16 
10 64.57 69.41 
11 30 45 
12 31.04 44.43 
13 31.72 35.97 
14 28.74 53.99 
15 32.21 39.64 
16 49 55 
17 53.6 49.68 
18 41.87 54.4 
19 41.68 58.84 
20 51.13 62.63 
21 32 36 
22 41.01 32.29 
23 25.4 31.28 
24 22.48 33.35 
25 41.29 38.28 
26 41 63 
27 36.27 63.17 
28 44.63 68.8 
29 45.2 71.48 
30 35.04 55.79 
31 98 99 
32 97.16 90.05 
33 94.56 91.22 
34 91.96 91.43 
35 98.39 91.22 
36 18 95 
37 19.94 90.84 
38 17.89 92.85 
39 17.11 85.2 
40 18.45 87.93 
41 9 20 
42 8.48 15.85 
43 13.22 18.83 
44 4.19 21.01 
45 10.48 18.34 
46 82 8 
47 78.39 15.18 
48 73.86 11.99 
49 84.99 17.17 
50 89.5 4.1 
SATELLITE_SECTION
1 105.22 67.95 
2 106.02 56.6 

DEMAND_SECTION
0 0
1 565
2 66
3 198
4 400
5 724
6 274
7 173
8 84
9 308
10 981
11 315
12 232
13 870
14 35
15 285
16 816
17 115
18 878
19 14
20 793
21 470
22 548
23 25
24 204
25 121
26 23
27 731
28 592
29 422
30 54
31 100
32 680
33 413
34 61
35 780
36 27
37 767
38 383
39 567
40 33
41 938
42 152
43 53
44 542
45 704
46 736
47 519
48 134
49 305
50 996

DEPOT_SECTION
-1
EOF
